##Elvaris
1 = 197,5,5;plains;50
2 = 194,40,40;plains;50
3 = 174,26,26;plains;50
4 = 184,65,65;plains;50
5 = 159,43,43;plains;50
6 = 173,78,78;plains;50
7 = 244,31,31;plains;50
8 = 160,50,50;plains;50
9 = 223,24,83;plains;50
10 = 213,17,76;plains;50

##Cyranthis
11 = 146,79,79;plains;50
12 = 101,48,48;plains;50
13 = 114,27,27;plains;50
14 = 156,15,15;plains;50
15 = 198,42,42;plains;50
57 = 85,69,34;plains;50

##Ardvon
16 = 117,45,45;plains;50
17 = 178,91,91;plains;50
18 = 218,60,60;plains;50
19 = 148,29,29;plains;50

##Vandrel
20 = 91,25,25;plains;50
21 = 126,45,28;plains;50
22 = 148,33,22;plains;50
23 = 167,23,9;plains;50
24 = 128,20,20;plains;50
25 = 226,96,83;plains;50
38 = 23,62,47;plains;50

##Corvalen
26 = 108,33,23;plains;50
27 = 138,66,56;plains;50
28 = 115,41,31;plains;50
29 = 147,27,11;plains;50
30 = 147,11,47;plains;50
31 = 207,58,98;plains;50
32 = 141,54,75;plains;50
163 = 117,13,41;plains;50

##Nordrith
33 = 194,38,75;plains;50
34 = 170,156,110;plains;50
35 = 71,60,21;plains;50
36 = 227,199,102;plains;50
37 = 194,158,33;plains;50

##Aurenhold
39 = 64,81,75;plains;50
40 = 173,141,30;plains;50
41 = 124,124,78;plains;50
42 = 165,167,16;plains;50
43 = 63,128,42;plains;50
44 = 24,178,84;plains;50

##Kaelmor
45 = 59,93,81;plains;50
46 = 120,147,131;plains;50
47 = 30,109,61;plains;50
48 = 27,61,40;plains;50
49 = 41,219,110;plains;50

##Wyrmarch
53 = 167,203,155;plains;50
54 = 30,84,13;plains;50
55 = 125,126,61;plains;50
56 = 45,148,12;plains;50
52 = 62,101,50;plains;50
51 = 38,55,33;plains;50

##Veltharis
162 = 33,198,68;plains;50
58 = 24,208,62;plains;50
59 = 90,212,115;plains;50
60 = 10,132,35;plains;50
61 = 39,123,66;plains;50

##Bellanor
62 = 41,213,108;plains;50
63 = 96,170,125;plains;50
64 = 22,194,89;plains;50
66 = 17,151,69;plains;50
67 = 45,119,74;plains;50

##Arthemont
69 = 39,140,60;plains;50
70 = 13,109,50;plains;50
71 = 11,208,52;plains;50
72 = 20,115,40;plains;50
73 = 108,178,123;plains;50
75 = 56,231,92;plains;50
76 = 15,245,63;plains;50
68 = 34,96,58;plains;50

##Feremont
77 = 33,112,49;plains;50
78 = 21,133,13;plains;50
79 = 26,174,96;plains;50
80 = 44,82,63;plains;50
81 = 32,103,66;plains;50
82 = 81,122,100;plains;50
83 = 18,212,99;plains;50
84 = 26,128,69;plains;50
74 = 89,157,103;plains;50

##Valenfort
85 = 87,93,190;plains;50
86 = 71,140,61;plains;50
87 = 41,116,146;plains;50
88 = 12,123,166;plains;50
89 = 39,79,95;plains;50

##Castelor
90 = 79,123,73;plains;50
91 = 25,30,119;plains;50
92 = 78,73,129;plains;50
93 = 46,30,209;plains;50
94 = 99,86,236;plains;50
95 = 84,74,193;plains;50

##Arvendor
96 = 39,14,98;plains;50
97 = 139,125,174;plains;50
98 = 87,47,181;plains;50
99 = 90,67,143;plains;50
100 = 46,101,148;plains;50
101 = 38,100,161;plains;50
65 = 12,217,91;plains;50

##Wyvenhold
102 = 47,80,204;plains;50
103 = 18,103,176;plains;50
104 = 86,113,217;plains;50
105 = 48,78,151;plains;50
106 = 59,112,237;plains;50
107 = 15,61,100;plains;50
108 = 72,67,156;plains;50
109 = 46,41,127;plains;50
110 = 76,54,202;plains;50

##Dryaris
111 = 129,54,202;plains;50
112 = 194,22,176;plains;50
113 = 200,129,193;plains;50
114 = 148,95,143;plains;50
115 = 164,90,156;plains;50
116 = 193,56,179;plains;50
117 = 236,112,223;plains;50

##Ulvarin
118 = 58,89,54;plains;50
119 = 46,167,29;plains;50
120 = 46,82,42;plains;50
121 = 108,155,102;plains;50

##Kelvenor
122 = 43,99,35;plains;50
123 = 68,127,60;plains;50
124 = 178,154,32;plains;50

##Aetheron
125 = 147,130,45;plains;50
126 = 96,90,56;plains;50
127 = 112,97,25;plains;50
128 = 40,51,61;plains;50

##Caladrel
129 = 19,50,80;plains;50
130 = 27,17,183;plains;50
131 = 22,80,137;plains;50
132 = 59,81,56;plains;50
133 = 121,148,24;plains;50
134 = 145,178,30;plains;50

##Lythvalen
135 = 42,76,38;plains;50
136 = 35,94,28;plains;50
137 = 74,88,29;plains;50
138 = 42,98,41;plains;50
139 = 13,77,11;plains;50
140 = 147,162,94;plains;50

##Sylendar
141 = 169,170,92;plains;50
142 = 98,99,44;plains;50
143 = 150,151,56;plains;50
144 = 107,108,30;plains;50
160 = 142,143,19;plains;50

##Cerandor
145 = 132,133,52;plains;50
146 = 157,159,14;plains;50
147 = 80,91,46;plains;50

##Lorathen
148 = 74,75,9;plains;50
149 = 141,143,10;plains;50
150 = 175,176,75;plains;50

##Vyras
152 = 168,206,97;plains;50
153 = 130,188,20;plains;50
154 = 144,183,69;plains;50
155 = 83,118,17;plains;50
156 = 87,235,95;plains;50
157 = 92,176,97;plains;50
158 = 37,169,45;plains;50
159 = 42,151,48;plains;50
161 = 101,134,38;plains;50


##Jungle
151 = 125,126,54;plains;50
164 = 71,203,48;plains;50
165 = 24,81,14;plains;50
166 = 64,156,48;plains;50
167 = 90,147,80;plains;50
168 = 42,181,17;plains;50
169 = 116,186,104;plains;50
170 = 61,98,54;plains;50
171 = 37,137,19;plains;50
172 = 65,95,50;plains;50
173 = 78,202,18;plains;50
174 = 51,137,9;plains;50
175 = 126,223,109;plains;50
176 = 43,184,19;plains;50
177 = 103,195,87;plains;50

##Sabarissan Ridge
178 = 86,113,150;plains;50
179 = 78,93,113;plains;50
180 = 54,75,104;plains;50
181 = 22,71,138;plains;50
182 = 55,110,186;plains;50
183 = 125,138,171;plains;50
184 = 22,47,119;plains;50
185 = 61,72,103;plains;50
255 = 74,84,105;plains;50

##Dwarven Cities
186 = 85,76,55;plains;50
187 = 235,192,83;plains;50
188 = 96,77,27;plains;50
189 = 170,137,55;plains;50
190 = 197,152,44;plains;50
191 = 142,129,96;plains;50
192 = 89,79,55;plains;50
193 = 105,81,21;plains;50
194 = 122,104,60;plains;50
195 = 169,141,72;plains;50

##Dwarven Mountains
196 = 86,63,138;plains;50
197 = 100,93,213;plains;50
198 = 127,124,170;plains;50
199 = 32,29,77;plains;50
200 = 32,23,178;plains;50
201 = 83,78,160;plains;50
202 = 46,42,114;plains;50
203 = 32,31,46;plains;50
204 = 16,14,51;plains;50
205 = 32,30,70;plains;50
206 = 99,97,126;plains;50
207 = 59,63,104;plains;50
208 = 28,40,160;plains;50
209 = 112,115,140;plains;50
210 = 27,31,75;plains;50
211 = 59,79,121;plains;50
212 = 73,98,150;plains;50
213 = 54,58,107;plains;50
214 = 32,49,75;plains;50
215 = 64,81,107;plains;50
216 = 18,54,112;plains;50
217 = 34,103,212;plains;50
218 = 16,75,169;plains;50
219 = 99,133,186;plains;50
220 = 87,99,118;plains;50
221 = 63,111,188;plains;50
50 = 67,138,112;plains;50
254 = 5,15,122;plains;50

##Northern Mountains
222 = 41,157,34;plains;50
223 = 83,117,43;plains;50
224 = 53,66,72;plains;50
225 = 33,51,61;plains;50
226 = 72,96,109;plains;50
227 = 36,59,95;plains;50
228 = 29,78,104;plains;50
229 = 125,138,110;plains;50
230 = 66,112,13;plains;50
231 = 127,188,55;plains;50
232 = 186,219,147;plains;50
233 = 38,200,174;plains;50
234 = 29,150,112;plains;50
235 = 94,199,166;plains;50
236 = 88,160,148;plains;50
237 = 98,175,162;plains;50
238 = 128,214,200;plains;50
239 = 25,72,65;plains;50
240 = 27,129,113;plains;50
241 = 60,167,223;plains;50
242 = 79,155,194;plains;50
243 = 161,211,237;plains;50
244 = 101,54,141;plains;50
245 = 99,63,131;plains;50
246 = 80,21,131;plains;50
247 = 124,107,138;plains;50
248 = 166,118,207;plains;50
249 = 130,68,166;plains;50
250 = 162,86,174;plains;50
251 = 30,103,78;plains;50
252 = 39,12,82;plains;50
253 = 142,31,61;plains;50

##Dark Forest
256 = 13,34,10;plains;50
257 = 44,84,39;plains;50

##Frontier
258 = 236,148,32;plains;50
259 = 186,135,68;plains;50
260 = 142,119,88;plains;50
261 = 108,76,33;plains;50
262 = 114,79,34;plains;50
263 = 155,65,32;plains;50
264 = 195,114,84;plains;50
265 = 195,57,7;plains;50
266 = 242,117,72;plains;50

##Cold Desert
267 = 70,53,18;plains;50
268 = 192,135,77;plains;50
269 = 159,132,105;plains;50
270 = 219,167,112;plains;50
271 = 192,159,77;plains;50
272 = 207,142,75;plains;50
273 = 225,205,155;plains;50
274 = 186,148,51;plains;50
275 = 53,88,112;plains;50
276 = 73,141,186;plains;50
277 = 20,169,212;plains;50
278 = 44,112,157;plains;50
279 = 60,134,184;plains;50
280 = 131,100,22;plains;50
281 = 34,136,165;plains;50
282 = 160,154,115;plains;50
283 = 105,99,60;plains;50
284 = 165,145,74;plains;50
285 = 235,217,66;plains;50
286 = 98,70,9;plains;50
287 = 134,112,62;plains;50
288 = 244,176,28;plains;50
289 = 199,178,132;plains;50
290 = 81,58,8;plains;50
291 = 109,62,19;plains;50
292 = 146,107,71;plains;50
293 = 109,96,83;plains;50
294 = 150,79,15;plains;50
295 = 233,146,66;plains;50
296 = 209,108,15;plains;50
297 = 113,104,95;plains;50
298 = 148,136,34;plains;50
299 = 200,192,117;plains;50
300 = 146,142,107;plains;50
301 = 63,178,180;plains;50
302 = 175,231,232;plains;50
303 = 47,186,188;plains;50
304 = 166,211,212;plains;50
305 = 198,216,87;plains;50
306 = 34,123,124;plains;50
307 = 12,89,90;plains;50
308 = 105,143,143;plains;50
309 = 105,134,143;plains;50
310 = 206,198,134;plains;50
311 = 147,136,41;plains;50
312 = 155,173,39;plains;50
313 = 125,131,89;plains;50
314 = 209,136,77;plains;50
315 = 147,142,109;plains;50
316 = 119,109,74;plains;50
317 = 154,138,41;plains;50
